outcome,bookmaker,1035364,1035365,1035368,1035369,1035370,1035373,rank
Home,10Bet,1.44,2.20,5.25,1.07,3.10,2.75,10
Home,188Bet,1.44,2.19,5.50,1.08,3.15,2.72,7
Home,1xBet,1.48,2.25,5.50,1.08,3.34,2.79,2
Home,888Sport,1.40,2.17,5.40,1.06,3.20,2.65,12
Home,Bet365,1.44,2.15,5.25,1.07,3.10,2.70,16
Home,Betcris,1.41,2.12,5.15,1.06,3.00,2.63,19
Home,Betfair,1.44,2.26,5.90,1.09,3.25,2.84,1
Home,Betsson,1.44,2.25,5.60,1.07,3.10,2.72,4
Home,Betway,1.44,2.20,5.00,1.07,3.10,2.70,14
Home,Bwin,1.43,2.20,5.25,1.07,3.10,2.70,12
Home,Dafabet,1.43,2.19,5.30,1.07,3.05,2.70,14
Home,Marathonbet,1.44,2.19,5.35,1.07,3.24,2.71,9
Home,NordicBet,1.44,2.25,5.60,1.07,3.10,2.72,4
Home,Pinnacle,1.44,2.23,5.63,1.07,3.18,2.79,3
Home,SBO,1.41,2.16,5.42,1.08,2.99,2.64,17
Home,Sportingbet,1.47,2.25,5.25,1.08,3.10,2.75,8
Home,Tipico,1.40,2.10,5.70,1.06,3.20,2.70,11
Home,Unibet,1.43,2.20,5.50,1.08,3.25,2.70,4
Home,William Hill,1.36,2.10,5.50,1.03,3.10,2.60,18
Draw,10Bet,5.00,3.35,4.33,13.00,3.70,3.40,9
Draw,188Bet,5.00,3.30,4.55,12.50,3.70,3.40,8
Draw,1xBet,5.09,3.41,4.58,15.50,3.89,3.48,2
Draw,888Sport,5.10,3.30,4.40,14.00,3.65,3.40,7
Draw,Bet365,5.00,3.40,4.33,13.00,3.75,3.30,11
Draw,Betcris,4.77,3.22,4.37,11.25,3.57,3.25,18
Draw,Betfair,5.20,3.45,4.60,16.00,3.85,3.45,1
Draw,Betsson,5.05,3.35,4.60,12.50,3.75,3.45,4
Draw,Betway,5.00,3.20,4.50,11.00,3.50,3.25,17
Draw,Bwin,4.80,3.20,4.40,13.50,3.60,3.30,14
Draw,Dafabet,4.75,3.30,4.45,13.00,3.60,3.35,13
Draw,Marathonbet,4.95,3.32,4.45,12.50,3.78,3.38,9
Draw,NordicBet,5.05,3.35,4.60,12.50,3.75,3.45,4
Draw,Pinnacle,5.12,3.33,4.56,13.50,3.69,3.33,6
Draw,SBO,4.74,3.18,4.27,11.08,3.45,3.24,19
Draw,Sportingbet,4.80,3.20,4.40,13.50,3.60,3.30,14
Draw,Tipico,4.90,3.30,4.40,12.00,3.70,3.20,14
Draw,Unibet,5.20,3.35,4.50,14.00,3.75,3.50,3
Draw,William Hill,5.00,3.30,4.33,13.00,3.60,3.40,12
Away,10Bet,7.00,3.50,1.62,34.00,2.20,2.65,8
Away,188Bet,6.80,3.55,1.56,26.00,2.21,2.66,10
Away,1xBet,6.94,3.60,1.63,41.00,2.18,2.71,4
Away,888Sport,7.50,3.60,1.60,34.00,2.23,2.70,3
Away,Bet365,6.50,3.50,1.57,26.00,2.15,2.63,15
Away,Betcris,6.20,3.37,1.57,26.50,2.14,2.55,18
Away,Betfair,8.60,3.65,1.61,40.00,2.28,2.76,1
Away,Betsson,7.30,3.45,1.58,48.00,2.25,2.65,5
Away,Betway,6.00,3.40,1.57,29.00,2.20,2.60,17
Away,Bwin,6.75,3.40,1.57,31.00,2.20,2.60,14
Away,Dafabet,7.10,3.40,1.57,26.00,2.25,2.61,10
Away,Marathonbet,6.75,3.50,1.58,33.00,2.12,2.64,12
Away,NordicBet,7.30,3.45,1.58,48.00,2.25,2.65,5
Away,Pinnacle,7.03,3.59,1.57,34.00,2.26,2.71,5
Away,SBO,6.57,3.30,1.52,24.04,2.20,2.55,19
Away,Sportingbet,6.75,3.40,1.60,31.00,2.25,2.65,9
Away,Tipico,7.00,3.60,1.52,30.00,2.10,2.65,12
Away,Unibet,8.00,3.70,1.62,35.00,2.28,2.75,2
Away,William Hill,7.00,3.40,1.53,34.00,2.10,2.50,15
